[intrinsics]
focal_length_mm = 100.0
image_resolution_x_px = 512
image_resolution_y_px = 512
sensor_size_mm = 35.0
fstop = 300.0

[extrinsics]
num_cams_x = 9
num_cams_y = 9
baseline_mm = 60.0
focus_distance_m = 6.900000095367432
center_cam_x_m = -1.4951000213623047
center_cam_y_m = -6.506796836853027
center_cam_z_m = 2.3541150093078613
center_cam_rx_rad = 1.3526215553283691
center_cam_ry_rad = 0.016077132895588875
center_cam_rz_rad = -0.22883984446525574

[meta]
scene = dino
category = training
date = 2017-03-14
version = v2.0
authors = Katrin Honauer, Ole Johannsen, Daniel Kondermann, Bastian Goldluecke
contact = contact@lightfield-analysis.net
cycles_seed = 1998842470
disp_min = -1.9
disp_max = 1.9
frustum_disp_min = -2.0
frustum_disp_max = 2.0
depth_map_scale = 10.0

